# Velocity Magnitude histogram (bin size: 0.11113)
0.220593 1
0.331723 0
0.442853 2
0.553983 3
0.665113 3
0.776243 3
0.887373 4
0.998503 4
1.10963 4
1.22076 3
1.33189 3
1.44302 5
1.55415 4
1.66528 10
1.77641 3
1.88754 8
1.99867 12
2.1098 2
2.22093 15
2.33206 14
2.44319 14
2.55432 9
2.66545 15
2.77658 4
2.88771 11
2.99884 11
3.10997 6
3.2211 8
3.33223 11
3.44336 7
3.55449 5
3.66562 8
3.77675 14
3.88788 12
3.99901 9
4.11014 10
4.22127 13
4.3324 12
4.44353 15
4.55466 4
4.66579 7
4.77692 11
4.88805 13
4.99918 8
5.11031 11
5.22144 12
5.33257 10
5.4437 7
5.55483 15
5.66596 6
5.77709 7
5.88822 5
5.99935 10
6.11048 10
6.22161 11
6.33274 14
6.44387 13
6.555 9
6.66613 16
6.77726 6
6.88839 12
6.99952 9
7.11065 9
7.22178 10
7.33291 5
7.44404 8
7.55517 12
7.6663 4
7.77743 10
7.88856 4
7.99969 7
8.11082 6
8.22195 9
8.33308 8
8.44421 6
8.55534 7
8.66647 5
8.7776 8
8.88873 2
8.99986 8
9.11099 1
9.22212 7
9.33325 2
9.44438 9
9.55551 4
9.66664 4
9.77777 4
9.8889 4
10 4
10.1112 1
10.2223 8
10.3334 2
10.4446 1
10.5557 0
10.6668 3
10.7779 2
10.8891 4
11.0002 1
11.1113 0
11.2225 0
11.3336 1
11.4447 0
11.5559 0
11.667 0
11.7781 0
11.8892 0
12.0004 3
12.1115 0
12.2226 0
12.3338 0
12.4449 0
12.556 0
12.6672 0
12.7783 0
12.8894 0
13.0005 0
13.1117 0
13.2228 1
13.3339 0
13.4451 0
13.5562 0
13.6673 0
13.7785 0
13.8896 0
14.0007 0
14.1118 0
14.223 0
14.3341 0
14.4452 0
14.5564 0
14.6675 0
14.7786 0
14.8898 0
15.0009 0
15.112 0
15.2231 0
15.3343 1
15.4454 0
15.5565 0
15.6677 0
15.7788 0
15.8899 0
16.0011 0
16.1122 0
16.2233 0
16.3344 0
16.4456 0
16.5567 0
16.6678 0
16.779 0
16.8901 0
17.0012 0
17.1124 0
17.2235 0
17.3346 0
17.4457 0
17.5569 0
17.668 0
17.7791 0
17.8903 0
18.0014 0
18.1125 0
18.2237 0
18.3348 0
18.4459 0
18.557 0
18.6682 0
18.7793 0
18.8904 0
19.0016 0
19.1127 0
19.2238 0
19.335 1
19.4461 0
19.5572 0
19.6683 0
19.7795 0
19.8906 0
20.0017 0
20.1129 0
20.224 0
20.3351 0
20.4463 0
20.5574 0
20.6685 0
20.7796 0
20.8908 0
21.0019 0
21.113 1
